# X/D			|			V [mm/s]
#			27 points

-2 15.812500000000004
-1.8461538461538463 19.0625
-1.6923076923076923 22.1875
-1.5384615384615383 24.250000000000004
-1.3846153846153846 24.6875
-1.2307692307692308 24.500000000000004
-1.0769230769230769 24.062500000000004
-0.9230769230769231 24.312500000000004
-0.764835164835165 23.187500000000004
-0.6153846153846156 19.4375
-0.4615384615384617 13.437500000000004
-0.3120879120879123 9.8125
-0.1538461538461542 9.25
0 9.5625
0.15384615384615374 10.1875
0.30769230769230793 12.4375
0.46153846153846123 18
0.615384615384615 23.312500000000004
0.7692307692307692 24.625000000000004
0.9230769230769225 24.625000000000004
1.0769230769230766 24.625000000000004
1.2307692307692304 24.750000000000004
1.3846153846153846 24.625000000000004
1.5428571428571423 24.375000000000004
1.6967032967032964 23.562500000000004
1.8461538461538463 23.437500000000004
2.004395604395604 23.000000000000004
