# Y/D			|			V [mm/s]
#			32 points

0.622841253572911 8.295950143506595
0.7767051121397336 9.485776224133893
0.936018090290141 10.424637889282543
1.0843836494937436 11.551808930654541
1.238218000192785 12.553463338441475
1.3920425149358993 13.492393855281609
1.5458571937230865 14.368600481174962
1.6996915444221279 15.370254888961895
1.853466879385607 15.995565951068087
2.001802930721428 16.934565319599717
2.155597937596761 17.685324163599486
2.3093831085161676 18.373359116652466
2.4631584434796467 18.998670178758662
2.6114354790799053 19.561326201609557
2.7706796055388234 20.06112063013068
2.9244451045463755 20.62370780129008
3.0836105433578775 20.62171110223689
3.2317695474870116 20.431680433726314
3.391062853725565 21.245094316981387
3.5392808735902612 21.43140699415154
3.6984856562254715 21.680305858885504
3.8412152126828754 21.866687387747152
3.994862680219302 21.67658786754508
4.154116642634149 22.239106187012997
4.307793618038357 22.237178339651294
4.456031309814908 22.548938798715028
4.615167240758629 22.35877042682147
4.7688442161628375 22.356842579459766
4.9225310275229734 22.41763862304486
5.076217838883108 22.478434666629944
5.2298948142873165 22.47650681926824
5.3835816256474525 22.53730286285333
