# X/D			|			T-T_in [C]
#			726 points

-1.8232945165901944 0.016747193461199572
-1.8145439162290047 0.03263796341044767
-1.8007929728042784 0.056474118334318035
-1.8057933158678152 0.04852873335969399
-1.7907922866772046 0.056474118334318035
-1.7895422009113204 0.04852873335969399
-1.7782914290183622 0.04455604087238285
-1.7745411717207096 0.020719885948510708
-1.7507895421689093 0.008801808486575524
-1.7370385987441828 0.02469257843582362
-1.73328834144653 0.02469257843582362
-1.7257878268512248 0.03263796341044767
-1.7207874837876878 0.016747193461199572
-1.7195373980218038 0.004829115999264388
-1.7432890275736042 0.016747193461199572
-1.4870214455673378 -0.0031162689753596595
-1.477020759440264 0.012774500973888436
-1.4682701590790743 0.016747193461199572
-1.460769644483769 0.016747193461199572
-1.4557693014202322 0.03263796341044767
-1.4482687868249269 0.03263796341044767
-1.438268100697853 0.012774500973888436
-1.4432684437613899 0.028665270923134756
-1.4820211025038008 0.016747193461199572
-1.334510982129462 0.004829115999264388
-1.3270104675341567 0.012774500973888436
-1.32201012447062 0.016747193461199572
-1.3145096098753146 0.028665270923134756
-1.3020087522164725 0.04058334838506994
-1.2945082376211672 0.036610655897758804
-1.2882578087917458 0.03263796341044767
-1.2807572941964405 0.04455604087238285
-1.2707566080693666 0.07633758077087727
-1.2620060077081772 0.09222835072012359
-1.2495051500493348 0.11606450564399395
-1.2423354837701546 0.12649282342318635
-1.2387183374568322 0.11499776414277108
-1.2338954757057357 0.1035027048623558
-1.2320869025490746 0.08242842951492513
-1.228469756235752 0.06518584059430133
-1.2260583253602038 0.05560662452728771
-1.2224411790468812 0.03453234917985881
-1.2182211750146719 0.021121446686038325
-1.1621554071581746 0.019205603472636668
-1.1537153990937554 0.051774938100482615
-1.1488925373426588 0.09200764558193875
-1.1386439561215789 0.11691360735617273
-1.131409663494934 0.12649282342318635
-1.1211610822738536 0.08242842951492513
-1.1175439359605315 0.051774938100482615
-1.1097067856149996 0.011542230619026483
-1.113926789647209 0.036448192393262246
-1.157935403125965 0.036448192393262246
-1.0693153184495658 0.005794700978817957
-1.060875310385147 0.03453234917985881
-1.053038160039615 0.04794325167367752
-1.0415838633807608 0.05560662452728771
-1.0313352821596804 0.06135415416749623
-1.0222924163763745 0.06135415416749623
-1.0168666969063909 0.06710168380770476
-1.0096324042797462 0.07093337023450808
-1.0030009693719883 0.0805125863015217
-0.9975752499020047 0.10158686164895236
-0.9939581035886822 0.10733439128915911
-0.9879295263998116 0.12649282342318635
-0.9800923760542797 0.13224035306339488
-0.9728580834276348 0.14756709877061702
-0.9668295062387642 0.14756709877061702
-0.9638152176443289 0.14756709877061702
-0.955978067298797 0.13990372591700506
-0.9517580632665874 0.11499776414277108
-0.9505523478288134 0.0939234887953404
-0.9433180552021687 0.0594383109540928
-0.9397009088888462 0.04602740846027409
-0.9366866202944106 0.021121446686038325
-0.9475380592343781 0.07476505666131317
-1.0644924566984693 0.02686897632624685
-0.8715779866546074 0.021121446686038325
-0.8685636980601721 0.03261650596645538
-0.8654154410837616 0.05039127355746942
-0.8608102779533744 0.06369574031720937
-0.8578797195976733 0.08365244045682019
-0.8520186028862713 0.09828735389253573
-0.8469947885622122 0.1049395872724066
-0.8419709742381534 0.10893092730032805
-0.8289927872343346 0.10893092730032805
-0.8344352527520651 0.11824405403214655
-0.8214570657482461 0.09296556718863869
-0.817689205005202 0.0756697604009755
-0.8143399954558295 0.066356633669157
-0.8101534835191138 0.05438261358539087
-0.8059669715823978 0.03841725347370151
-0.7996872036773242 0.026443233389935372
-0.7955006917406084 0.019791000010064508
-0.7904768774165494 0.030434573417856825
-0.7829411559304611 0.03708680679772591
-0.7770800392190593 0.042408593501624736
-0.7687070153456277 0.05438261358539087
-0.7636832010215688 0.05172172023344146
-0.7515423164050932 0.057043506937338506
-0.7440065949190047 0.07300886704902787
-0.7373081758202595 0.0756697604009755
-0.7247486400101122 0.08897422716071723
-0.7163756161366808 0.0942960138646125
-0.7100958482316071 0.0942960138646125
-0.7029787779391903 0.1049395872724066
-0.6908378933227146 0.08099154710487255
-0.6795343110935821 0.04773038020552001
-0.6962803588404451 0.09828735389253573
-0.6849767766113124 0.06502618699318319
-0.6774410551252241 0.02245189336201392
-0.5974786771339531 0.021121446686038325
-0.5937108163909093 0.04107814682564914
-0.5916175604225513 0.05172172023344146
-0.5857564437111491 0.06103484696525996
-0.5815699317744336 0.07167842037305405
-0.5744528614820168 0.0756697604009755
-0.5681730935769433 0.07966110042889696
-0.5627306280592124 0.07700020707694932
-0.5589627673161686 0.08099154710487255
-0.5556135577667956 0.09828735389253573
-0.5514270458300801 0.10893092730032805
-0.5476591850870358 0.11824405403214655
-0.5434726731503199 0.1315485207918865
-0.5409607659882907 0.13953120084773118
-0.5392861612136044 0.15416611428344673
-0.5350996492768885 0.16480968769123905
-0.5346809980832172 0.17412281442305755
-0.5304944861465013 0.178114154450979
-0.5237960670477562 0.19141862121072073
-0.5212841598857265 0.1900881745347469
-0.517097647949011 0.18609683450682368
-0.5083059728819079 0.18343594115487782
-0.502026204976834 0.18343594115487782
-0.49742104184644687 0.1714619210711099
-0.49197857632871633 0.16480968769123905
-0.48276825006794155 0.1528356676074729
-0.477325784550211 0.14485298755162823
-0.4697900630641225 0.14086164752370678
-0.46351029515904907 0.12888762743993887
-0.4614170391906911 0.11292226732825128
-0.4584864808349902 0.10227869392045719
-0.455974573672961 0.0942960138646125
-0.45178806173624464 0.07966110042889696
-0.4496948057678871 0.06236529364123555
-0.4438336890564849 0.042408593501624736
-0.4425777354754703 0.03176502009383064
-0.4396471771197694 0.015799659982143055
-0.44676424741218623 0.058373953613312324
-0.401131267301984 0.017130106658115096
-0.39861936013995525 0.02378234003798596
-0.3977820577526119 0.03575636012175387
-0.3965261041715973 0.043739040177598554
-0.3956888017842539 0.05305216690941528
-0.391502289847538 0.06502618699318319
-0.3856411731361362 0.08099154710487255
-0.38522252194246454 0.08897422716071723
-0.38312926597410657 0.09695690721656192
-0.3814546611994203 0.10627003394838042
-0.3789427540373911 0.11558316068019714
-0.37726814926270436 0.12489628741201741
-0.3747562421006747 0.13953120084773118
-0.37350028851966055 0.14485298755162823
-0.37182568374497427 0.1501747742555235
-0.37182568374497427 0.15416611428344673
-0.3693137765829446 0.1608183476633176
-0.3659645670335716 0.16880102771916228
-0.3609407527095132 0.17545326109903314
-0.35549828719178267 0.1887577278587731
-0.35005582167405214 0.19674040791461778
-0.34712526331835125 0.20339264129448864
-0.3437760537689787 0.21137532135033332
-0.33875223944491983 0.2273406814620209
-0.33079786676515965 0.24862782827760554
-0.3345657275082039 0.23931470154578882
-0.34210144899429196 0.22068844808215005
-0.3580101943538119 0.18742728118279928
-0.3885717314918371 0.07700020707694932
-0.3270300060221154 0.2552800616574764
-0.3257740524411008 0.26060184836137346
-0.3232621452790716 0.2672540817412443
-0.318656982148684 0.27789765514903664
-0.31572642379298266 0.2858803352048813
-0.3127958654372822 0.2912021219087766
-0.31237721424361053 0.2912021219087766
-0.3094466558879092 0.29918480196462127
-0.3065160975322079 0.30450658866851654
-0.30484149275752204 0.30716748202046595
-0.30191093440182115 0.30849792869643977
-0.29981767843346274 0.30849792869643977
-0.29563116649674726 0.3191415021042321
-0.295212515303076 0.3191415021042321
-0.291863305753703 0.3204719487802077
-0.29102600336635964 0.3231328421321553
-0.2880954450106592 0.32446328880812914
-0.28600218904230124 0.3311155221879982
-0.28390893307394327 0.33643730889189705
-0.2830716306865999 0.3390982022438429
-0.2818156771055853 0.3417590955957923
-0.2809783747182424 0.34308954227176613
-0.2776291651688698 0.3484113289756632
-0.2759545603941831 0.35639400903150786
-0.27553590920051185 0.3577244557074817
-0.2742799556194968 0.368368029115274
-0.27344265323215344 0.37102892246722163
-0.2717680484574676 0.3763507091711187
-0.2709307460701247 0.38167249587501395
-0.270512094876453 0.38300294255098777
-0.26925614129543796 0.39098562260683245
-0.26841883890809504 0.3949769626347557
-0.26674423413340875 0.39896830266267713
-0.2659069317460654 0.405620536042548
-0.26465097816505034 0.41094232274644504
-0.2633950245840362 0.41759455612631413
-0.2625577221966928 0.424246789506185
-0.2617204198093499 0.4282381295341082
-0.26088311742200654 0.43089902288605586
-0.26088311742200654 0.43089902288605586
-0.25920851264732025 0.44021214961787436
-0.2579525590663052 0.4442034896457958
-0.2566966054852906 0.4508557230256667
-0.2546033495169331 0.45883840308151136
-0.2537660471295897 0.46682108313735604
-0.25209144235490344 0.46815152981332986
-0.25041683758021716 0.47081242316527927
-0.2483235816118592 0.47613420986917454
-0.2470676280308446 0.4841168899250192
-0.2441370696751437 0.49609091000878536
-0.24371841848147202 0.49609091000878536
-0.23241483625233927 0.50407359006463
-0.23241483625233927 0.50407359006463
-0.2319961850586676 0.5054040367406039
-0.2315775338649959 0.5054040367406039
-0.22906562670296715 0.5054040367406039
-0.22529776595992246 0.5067344834165777
-0.2391132553510844 0.50407359006463
-0.23492674341436892 0.50407359006463
-0.24120651131944237 0.5000822500367068
-0.2232045099915645 0.5107258234445009
-0.21859934686117732 0.5133867167964485
-0.21231957895610387 0.5213693968522932
-0.21525013731180476 0.522699843528267
-0.21608743969914768 0.5173780568243718
-0.2089703694067313 0.5306825235841117
-0.2089703694067313 0.5306825235841117
-0.2089703694067313 0.5399956503159302
-0.2089703694067313 0.5439869903438517
-0.20771441582571626 0.5546305637516458
-0.2056211598573583 0.5639436904834643
-0.20478385747001582 0.5705959238633334
-0.20352790388900077 0.5759177105672304
-0.20227195030798617 0.5878917306509983
-0.2014346479206428 0.5918830706789198
-0.2005973455332999 0.5945439640308674
-0.19976004314595652 0.5985353040587889
-0.19892274075861316 0.6025266440867121
-0.19850408956494148 0.6105093241425568
-0.19641083359658396 0.6238137909022985
-0.19599218240291272 0.6251442375782705
-0.19473622882189767 0.6331269176341152
-0.194317577628226 0.6397791510139861
-0.19389892643455475 0.6411095976899599
-0.19389892643455475 0.6424400443659337
-0.19348027524088307 0.6451009377178831
-0.19348027524088307 0.6544140644497016
-0.19348027524088307 0.6610662978295707
-0.1930616240472114 0.6650576378574939
-0.1926429728535397 0.6730403179133386
-0.19222432165986802 0.6796925512932095
-0.19222432165986802 0.6876752313490542
-0.1918056704661968 0.6903361247010018
-0.1913870192725251 0.6956579114048971
-0.1913870192725251 0.6996492514328203
-0.1913870192725251 0.7063014848126912
-0.1913870192725251 0.7156146115445097
-0.19013106569151006 0.7249277382763282
-0.19013106569151006 0.7275886316282758
-0.18971241449783838 0.7329104183321729
-0.18929376330416714 0.7422235450639914
-0.18761915852948086 0.7462148850919128
-0.18678185614213794 0.7528671184717837
-0.1855259025611229 0.7568584584997069
-0.1855259025611229 0.7608497985276284
-0.18636320494846625 0.7741542652873683
-0.18468860017377997 0.7901196253990577
-0.1838512977864366 0.7981023054549023
-0.182595344205422 0.8127372188906179
-0.17966478584972068 0.8420070457620472
-0.18175804181807864 0.8313634723542549
-0.18217669301175032 0.824711238974384
-0.17840883226870652 0.8593028525497104
-0.17840883226870652 0.8726073193094503
-0.1767342274940198 0.8872422327451659
-0.17631557630034855 0.8965553594769844
-0.1754782739130052 0.912520719588672
-0.1750596227193335 0.9258251863484155
-0.17296636675097554 0.9377992064321816
-0.17296636675097554 0.953764566543871
-0.17212906436363218 0.9723908200075062
-0.17171041316996094 0.9843648400912741
-0.17045445958894634 0.9976693068510141
-0.16877985481426006 1.0136346669627034
-0.16836120362058837 1.0296000270743928
-0.1679425524269167 1.0429044938341328
-0.16752390123324545 1.0548785139179007
-0.16752390123324545 1.060200300621796
-0.16710525003957377 1.0641916406497192
-0.1662679476522304 1.0828178941133562
-0.16584929645855873 1.0894701274932252
-0.16584929645855873 1.09745280754907
-0.1625000869091866 1.1426879945321904
-0.16124413332817156 1.1666360346997227
-0.15956952855348527 1.1772796081075168
-0.15831357497247067 1.1865927348393335
-0.15831357497247067 1.2025580949510228
-0.157894923778799 1.214532115034789
-0.157894923778799 1.2371497085263492
-0.15454571422942598 1.2650890887218047
-0.15412706303575519 1.2863762355373893
-0.15287110945474014 1.3103242757049234
-0.15203380706739722 1.3395941025763527
-0.15161515587372554 1.3475767826321974
-0.14994055109903925 1.3781770561796023
-0.1486845975180242 1.418090456458824
-0.14533538796865209 1.4619951967659688
-0.14407943438763704 1.497917257017269
-0.1415675272256074 1.5564569107601276
-0.14114887603193615 1.5990312043912986
-0.13947427125724943 1.6469272847263667
-0.13528775932053394 1.7280845319607856
-0.13361315454584766 1.787954632379618
-0.13068259619014633 1.8225462459549444
-0.13068259619014633 1.843833392770529
-0.13696236409522022 1.6974842584133807
-0.1298452938028034 1.874433666317934
-0.1298452938028034 1.9396255534406652
-0.12942664260913173 1.9835302937478083
-0.12565878186608792 2.034087267434824
-0.12440282828507288 2.052713520898461
-0.12189092112304323 2.1125836213172953
-0.12189092112304323 2.1431838948647
-0.12021631634835739 2.1724537217361277
-0.1185417115736711 2.213697568691325
-0.11602980441164146 2.254941415646522
-0.11602980441164146 2.3121506227134088
-0.11393654844328349 2.356055363020552
-0.11226194366859721 2.3946383166238014
-0.11226194366859721 2.45317797036666
-0.11226194366859721 2.510387177433545
-0.11142464128125429 2.5303438775731557
-0.10807543173188172 2.5689268311764053
-0.10681947815086668 2.5981966580478346
-0.10305161740782287 2.6354491649751086
-0.10305161740782287 2.6806843519582273
-0.10179566382680783 2.6913279253660196
-0.1009583614394649 2.7538589191368015
-0.10053971024579322 2.787120086036154
-0.10179566382680783 2.8163899129075833
-0.1009583614394649 2.8576337598627806
-0.09970240785844986 2.897547160142004
-0.09677184950274897 2.9454432404770703
-0.09509724472806269 2.985356640756292
-0.09384129114704809 3.0252700410355153
-0.09342263995337641 3.0625225479627884
-0.09342263995337641 3.1037663949179857
-0.08965477921033216 3.146340688549156
-0.08965477921033216 3.1915758755322754
-0.08672422085463083 3.2261674891076018
-0.08672422085463083 3.2767244627946166
-0.08672422085463083 3.340585903241373
-0.08630556966095959 3.396464663632284
-0.08211905772424366 3.5188657578218994
-0.08295636011158702 3.4629869974309875
-0.0800258017558857 3.5667618381569657
-0.07918849936854278 3.638605958659567
-0.07500198743182729 3.7397199060335975
-0.07667659220651357 3.798259559776456
-0.07625794101284189 3.880747253686849
-0.07249008026979764 3.964565394273216
-0.06914087072042507 4.048383534859584
-0.06872221952675339 4.118897208686209
-0.06830356833308215 4.185419542484914
-0.06788491713941047 4.255933216311541
-0.06704761475206711 4.305159743322582
-0.06453570759003746 4.390308330584923
-0.062442451621679496 4.495413617986876
-0.062442451621679496 4.588544885305061
-0.05909324207230737 4.708285086142729
-0.05825593968496401 4.80008590678494
-0.05699998610394941 4.8812431540193595
-0.05699998610394941 4.931800127706374
-0.05406942774824808 5.0049746948849485
-0.051976171779890556 5.0661752419797565
-0.05113886939254719 5.156645615945994
-0.04904561342418923 5.2391333098563875
-0.047789659843174626 5.3442385972583395
-0.044859101487473296 5.534492471922633
-0.04234719432544409 5.7207550065590045
-0.03523012403302772 5.9921661284577175
-0.03229956567732639 6.236968316836949
-0.02895035612795338 6.469796485132413
-0.02183328583553701 6.8742522746285335
-0.010948354800075943 7.3438999512473835
0.02714890382403734 7.357204418007125
0.035103276503797076 6.8676000412486635
0.043057649183557256 6.492414078623972
0.04640685873292982 5.968218088290183
0.04933741708863071 5.711441879827186
0.05226797544433204 5.28569894351548
0.05645448738104797 4.927808787678452
0.06105965051143514 4.520692104830383
0.0656648136418223 4.072331575027118
0.07152593035322452 3.787615986368664
0.07403783751525372 3.4802828042186515
0.08157355900134222 3.0305918277394115
0.08785332690641612 2.490430477293934
0.1008315139102347 1.8903990264296233
0.12595058553052896 0.9032075928568553
0.1447898892457502 0.386994282578911
0.15986133221792675 0.21004487467435773
0.1724208680280741 0.1328789674678621
0.1929347765179812 0.17545326109903314
0.20088914919774092 0.22334934143409946
0.211774080233202 0.22467978811007328
0.22307766246233474 0.21403621470227918
0.23312529111045288 0.19274906788669455
0.2377304542408396 0.18742728118279928
0.24819673408262943 0.17412281442305755
0.25615110676238917 0.16747058104318846
0.26075626989277634 0.16480968769123905
0.27457175928393873 0.15416611428344673
0.28420073673838475 0.15416611428344673
0.299690830904233 0.1515052209314991
0.30806385477766485 0.178114154450979
0.3109944131333653 0.19141862121072073
0.31643687865109627 0.2060535346464345
0.32522855371819936 0.2273406814620209
0.3369507871410029 0.24197559489773646
0.34323055504607725 0.25128872162955496
0.35202223011318035 0.26060184836137346
0.3545341372752091 0.2645931883892949
0.3624885099549693 0.2645931883892949
0.3708615338284007 0.2632627417133211
0.38342106963854805 0.2446364882496841
0.3897008375436215 0.23399291484189177
0.400585768579083 0.2166971080542286
0.4106333972272007 0.20073174794253923
0.41733181632594585 0.19141862121072073
0.424030235424691 0.1887577278587731
0.42612349139304895 0.1887577278587731
0.43700842242851 0.1994013012665654
0.4499866094323286 0.21935800140617623
0.4579409821120888 0.21935800140617623
0.4663140059855202 0.21403621470227918
0.4889211704437848 0.20339264129448864
0.49729419431721666 0.2060535346464345
0.5039926134159622 0.21935800140617623
0.507760474159006 0.23266246816591796
0.5178081028071237 0.23000157481396855
0.5316235921982857 0.21137532135033332
0.5446017792021047 0.19274906788669455
0.5584172685932667 0.15948790098734378
0.5646970364983401 0.13021807411591269
0.5722327579844291 0.10760048062435246
0.5780938746958308 0.09961780056850955
0.5893974569249636 0.09562646054058632
0.5969331784110516 0.11558316068019714
0.6002823879604242 0.12356584073604182
0.6166097845136154 0.13953120084773118
0.6237268548060322 0.13953120084773118
0.6258201107743901 0.13953120084773118
0.6371236930035229 0.13953120084773118
0.6467526704579694 0.13420941414383591
0.6538697407503862 0.11957450070812037
0.6609868110428025 0.11425271400422332
0.6697784861099056 0.11425271400422332
0.6735463468529503 0.11957450070812037
0.6785701611770087 0.1315485207918865
0.6806634171453667 0.13687030749578355
0.6819193707263818 0.13820075417175737
0.684431277888411 0.14219209419967882
0.6911296969871561 0.1608183476633176
0.6957348601175437 0.16880102771916228
0.7170860709947937 0.1807750478029284
0.7313202115796273 0.1807750478029284
0.7380186306783725 0.17678370777500696
0.7484849105201623 0.1714619210711099
0.7623003999113238 0.14884432757955146
0.768998819010069 0.13820075417175737
0.7765345404961574 0.11425271400422332
0.781977006013888 0.1049395872724066
0.7916059834683344 0.12489628741201741
0.7999790073417659 0.14086164752370678
0.806677426440511 0.1608183476633176
0.8121198919582415 0.17013147439513432
0.8188183110569867 0.18210549447890223
0.8297032420924477 0.19407951456266836
0.833471102835492 0.19141862121072073
0.8405881731279088 0.1714619210711099
0.8477052434203256 0.14884432757955146
0.8640326399735168 0.10893092730032805
0.8715683614596053 0.084982887132794
0.8791040829456933 0.07700020707694932
0.8895703627874831 0.09163512051266487
0.8920822699495123 0.103609140596431
0.8971060842735712 0.09695690721656192
0.8996179914356008 0.09030467383669105
0.9038045033723163 0.08099154710487255
0.9125961784394194 0.06502618699318319
0.9205505511191796 0.05039127355746942
0.9255743654432385 0.03708680679772591
0.9326914357356553 0.04773038020552001
0.9389712036407287 0.08232199378084637
0.9444136691584597 0.09695690721656192
0.9548799490002486 0.11425271400422332
0.9615783680989942 0.12755718076396505
0.9678581360040677 0.12755718076396505
0.9816736253952296 0.12755718076396505
0.9854414861382739 0.122235394060068
0.994233161205377 0.10760048062435246
0.9988383243357641 0.09961780056850955
1.008048650596539 0.09030467383669105
1.0101419065648969 0.08897422716071723
1.014747069695284 0.103609140596431
1.0231200935687155 0.10893092730032805
1.0281439078927748 0.11159182065227569
1.0335863734105049 0.11159182065227569
1.0360982805725345 0.11026137397630187
1.0369355829598779 0.1049395872724066
1.0419593972839363 0.08897422716071723
1.0432153508649513 0.10094824724448337
1.0453086068333093 0.11026137397630187
1.0494951187700248 0.11425271400422332
1.0541002819004124 0.11957450070812037
1.0591240962244712 0.12622673408799123
1.071264980840947 0.13420941414383591
1.0767074463586774 0.12489628741201741
1.0859177726194518 0.09961780056850955
1.0934534941055403 0.08897422716071723
1.0980586572359274 0.07433931372500169
1.102663820366315 0.06502618699318319
1.1307134503423106 0.06369574031720937
1.139086474215742 0.06502618699318319
1.1482968004765164 0.06502618699318319
1.1591817315119775 0.05970440028928614
1.1713226161284536 0.04107814682564914
1.1746718256778257 0.030434573417856825
1.1809515935828996 0.007816979926298373
1.1847194543259438 -0.00016570012954630897
1.1093622394650602 0.05970440028928614
1.114386053789119 0.04773038020552001
1.1223404264688788 0.05438261358539087
1.2914755087121952 0.017130106658115096
1.3019417885539846 0.03309546676980446
1.3086402076527297 0.045069486853570595
1.3140826731704607 0.05438261358539087
1.3203624410755341 0.06502618699318319
1.326223557786936 0.07300886704902787
1.329572767336309 0.09562646054058632
1.3329219768856815 0.10094824724448337
1.34045769837177 0.10227869392045719
1.353435885375589 0.10227869392045719
1.3567850949249616 0.09163512051266487
1.3701819331224518 0.084982887132794
1.3718565378971377 0.09296556718863869
1.3772990034148687 0.10627003394838042
1.3873466320629864 0.10094824724448337
1.3923704463870457 0.09163512051266487
1.4086978429402364 0.07966110042889696
1.4149776108453103 0.06502618699318319
1.4204200763630408 0.049060826881493824
1.4225133323313988 0.045069486853570595
1.4287931002364718 0.019791000010064508
1.399487516679462 0.08764378048474164
1.362646211636363 0.08631333380876782
1.3492493734388726 0.10227869392045719
-0.03179718424492073 6.360646639835499
-0.023960033899388833 6.665265710766525
-0.016725741272744177 7.069508628794491
0.030900018519334438 7.107825493062544
0.041148599740414404 6.680592456473747
0.047780034648172265 6.341488207701473
0.048382892367059505 6.190136593842661
0.047177176929285025 6.107755335666346
0.05079432324260802 5.577066765553805
0.05079432324260802 5.479358761670268
0.05200003868038161 5.414220092414577
0.0562200427125914 5.224551614287712
0.057425758150365436 5.167076317885631
0.058028615869252675 5.078947530069108
0.05983718902591395 5.017640547240222
0.056822900431478196 4.8816156790886325
0.05863147358813947 4.820308696259747
0.05983718902591395 4.72260069237621
0.05983718902591395 4.674704612041143
0.05923433130702671 4.582744137797816
0.06224861990146202 4.465877701780251
0.06224861990146202 4.40073903252456
0.0640571930581233 4.381580600390532
0.06586576621478457 4.324105303988453
0.06646862393367181 4.289620126147205
0.0670714816525586 4.234060672958527
0.0670714816525586 4.195743808690473
0.0676743393714454 4.15742694442242
0.0676743393714454 4.1363526690749906
0.06827719709033264 4.109530864087354
0.0670714816525586 4.015654546630622
0.0676743393714454 3.990748584856388
0.06888005480921988 3.9811693687893737
0.07189434340365519 3.9332732884543065
0.07189434340365519 3.894956424186253
0.07310005884142923 3.848976187064589
0.07370291656031647 3.8317335981439653
0.07008577024699392 3.7493523399676496
0.07370291656031647 3.666971081791335
0.0749086319980905 3.5692630779077987
0.0749086319980905 3.5175353111459264
0.0749086319980905 3.4600600147438456
0.07430577427920326 3.410248091195376
0.07430577427920326 3.3834262862077384
0.07430577427920326 3.3623520108603087
0.07430577427920326 3.327866833019061
0.07430577427920326 3.279970752683994
0.07611434743586454 3.247401418056149
0.07671720515475178 3.2167479266417063
0.07792292059252581 3.1841785920138603
0.07973149374918709 3.1669360030932365
0.08033435146807433 3.1496934141726127
0.08033435146807433 3.124787452398377
0.08033435146807433 3.103713177050947
0.0821429246247356 3.0941339609839345
0.0821429246247356 3.0692279992096987
0.0827457823436224 3.05581709671588
0.08033435146807433 3.009836859594216
0.07973149374918709 2.9715199953261617
0.08455435550028367 2.864232775375614
0.08455435550028367 2.7799356739858965
0.08636292865694495 2.709049475089996
0.08756864409471898 2.6496583354745127
0.08756864409471898 2.5921830390724327
0.08756864409471898 2.5615295476579902
0.08756864409471898 2.513633467322922
0.08756864409471898 2.4944750351888967
0.0821429246247356 2.9217080717776938
0.08998007497026705 2.4619057005610507
0.08998007497026705 2.391019501665152
0.0905829326891543 2.3086382434888364
0.0905829326891543 2.2473312606599496
0.0905829326891543 2.212846082818702
0.0905829326891543 2.1726133753372476
0.09118579040804153 2.1419598839228033
0.09239150584581557 2.1074747060815557
0.0942000790024764 2.065326155386696
0.09600865215913768 2.0308409775454486
0.09600865215913768 1.988692426850589
0.09721436759691215 1.9561230922227448
0.09721436759691215 1.9446280329423278
0.09721436759691215 1.9178062279546904
0.09721436759691215 1.9120586983144818
0.1014343716291215 1.8660784611928172
0.10083151391023426 1.825845753711361
0.10083151391023426 1.7664546140958794
0.10203722934800874 1.728137749827825
0.10384580250467002 1.695568415199979
0.1050515179424436 1.6515040212917178
0.10625723338021809 1.622766373090677
0.10686009109910533 1.586365352036026
0.10746294881799212 1.5480484877679732
0.10927152197465384 1.515479153140129
0.10927152197465384 1.482909818512283
0.10927152197465384 1.446508797457632
0.11409438372574998 1.3583800096411078
0.11590295688241126 1.308568086092638
0.11771153003907253 1.2415135736235445
0.11771153003907253 1.2031967093554918
0.11771153003907253 1.1840382772214646
0.11771153003907253 1.1667956883008408
0.11771153003907253 1.0786669004843183
0.11891724547684657 1.048013409069874
0.1207258186335074 1.0135282312286265
0.12253439179016912 0.9464737187595311
0.12615153810349122 0.9311469730523108
0.12675439582237846 0.8736716766502308
0.130371542135701 0.8276914395285679
0.13278297301124908 0.758721083846071
0.13459154616791036 0.7108250035110029
0.13459154616791036 0.6763398256697553
0.13459154616791036 0.6246120589078838
0.13459154616791036 0.5920427242800379
0.13579726160568484 0.5537258600119834
0.1382086924812329 0.5326515846645545
0.14062012335678098 0.5077456228903205
0.14544298510787756 0.440691110421227
0.15388299317229626 0.3410672633242857
0.15328013545340946 0.2931711829892194
0.15629442404784477 0.27401275085519217
-0.010253460802772452 7.433764067272314
-0.009211722664535404 7.52314964823683
-0.007128246388061754 7.562876573109948
0.00016392057959624395 7.635709268710665
0.015789992653148843 7.639019845783423
0.019956945206096588 7.599292920910306
0.019956945206096588 7.546323687746148
0.02516563589728049 7.496665031654752
0.02308215962080684 7.447006375563354
0.02308215962080684 7.413900604835755
-0.010253460802772452 7.284788098998122
-0.01337867521748315 7.2086448263246465
-0.016503889632193403 7.13912270779669
0.027249112173754142 7.294719830216402
0.02829085031199119 7.231818865833965
0.029332588450228236 7.182160209742568
-0.016503889632193403 6.9868361624497375
-0.02171258032337775 6.7683380756475895
0.038708231694359885 6.788201538084149
0.03245780286493849 6.980215008304218
-0.0352551761204567 6.099601506950104
-0.024837794738088448 6.56639287420924
0.1585081175915981 0.19684258621933282
0.1626750701445454 0.17035796963725502
0.1658002845592561 0.14718393012793562
0.1720507133886775 0.12400989061861623
0.1772594040798614 0.14718393012793562
0.18142635663280915 0.1637368154917347
0.1866350473239935 0.16704739256449486
0.007629710570293824 7.71185254138414

