# X/D			|			V/V_in [mm/s]
#			27 points

-1.8910618166140023 1.0924867482849472
-1.7450954155870146 1.2042070700189484
-1.6002403431236067 1.2955558532283014
-1.4554505514988978 1.3660356579221138
-1.3096691128482265 1.4186272071954171
-1.165022317346384 1.4433940113313795
-1.0151965753076937 1.449276560964956
-0.8716642169807973 1.452678065694578
-0.7261143698769417 1.4312344292817976
-0.5805489797162526 1.4147595972774794
-0.43619283937719233 1.3466097589752022
-0.2920574104451652 1.2079028980727649
-0.145696215774612 1.1109328751013166
0.000032376482826279585 1.1466304893858492
0.1454299016297158 1.0764925697701415
0.2923055714814504 1.1439899727187846
0.43740622424282405 1.313845865581837
0.5833726252698122 1.425566187315838
0.7269329610990085 1.4379115399806912
0.87254187181883 1.4353493603200667
1.0192496766567651 1.4491836756573204
1.1648896734902543 1.4565591048136195
1.3095038285727467 1.470891419691812
1.456174330074282 1.4728006044487567
1.5996507333965782 1.4583144133079153
1.746321234898113 1.4602235980648604
1.890908966783989 1.466108945448667
