# Y/D			|			T - T_in [C]
#			285 points

0.45671927307508375 5.1731686485915125
0.47683071750503614 5.099628631326744
0.49384809356114956 5.054350668569315
0.5124125038041825 5.02572538449342
0.5418061533556513 4.943328153903071
0.6052345550193471 4.776587154778054
0.62379896526238 4.748944453252999
0.6423633755054129 4.7260609904339095
0.6609277857484458 4.70259077215792
0.6794921959914787 4.6662119338301355
0.6980566062345116 4.6662119338301355
0.7166210164775445 4.683814597537127
0.7351854267205775 4.6705800022315005
0.8187252728142256 4.4356170392685375
0.8372896830572586 4.362272607156069
0.8558540933002915 4.315918926060991
0.8744185035433244 4.301641209943097
0.8929829137863573 4.255646101627233
0.9115473240293902 4.2038486337931396
0.9301117342724231 4.190940013741345
0.948676144515456 4.2038486337931396
0.9672405547584889 4.189098253557188
0.9858049650015218 4.166491869703855
1.0028223410576351 4.178422563994151
1.0151986145529905 4.086171567159358
1.032215990609104 4.075935944188997
1.0507804008521369 4.02195444215422
1.0693448110951698 4.0102193330162255
1.0863621871512836 4.014131036062224
1.1064736315812356 3.962105385550446
1.1234910076373494 3.96745137971331
1.1358672811327044 3.8565452847805775
1.1528846571888178 3.749439129949674
1.1714490674318507 3.6953272378133635
1.2008427169833196 3.6972830893363637
1.217860093039433 3.7252517661152513
1.2364245032824663 3.7121475609111565
1.2549889135254992 3.6904376090058664
1.2735533237685321 3.670487923471274
1.2905706998246456 3.6464744131055626
1.3663753749836967 3.410457463488539
1.3849397852267296 3.420921269136586
1.4035041954697625 3.435524960508311
1.4220686057127954 3.4555887373817447
1.4406330159558283 3.4381327625389773
1.4591974261988612 3.4052744569525926
1.477761836441894 3.3677221077110087
1.496326246684927 3.3383843348660216
1.5133436227410404 3.3234981316076384
1.5334550671709928 3.2632796363828547
1.5520194774140257 3.2427431953913644
1.5705838876570586 3.222206754399873
1.6541237337507066 3.1066159293906237
1.6726881439937396 3.0268171872522593
1.6912525542367725 3.00041319169177
1.7098169644798054 2.977529728872681
1.7283813747228383 2.9223747159241062
1.7469457849658712 2.8777813011997244
1.765510195208904 2.8103044236562544
1.784074605451937 2.8015030918027586
1.8026390156949699 2.79856931451826
1.8212034259380028 2.783900428095766
1.8397678361810361 2.768058030759473
1.858332246424069 2.7668845198456733
1.876896656667102 2.783900428095766
1.8954610669101348 2.7956355372337613
1.9140254771531677 2.771317783297805
1.9325898873962006 2.7451955234924155
2.0068475283683322 2.5169266952063847
2.0238649044244457 2.488566848122897
2.043976348854398 2.5198604724908833
2.062540759097431 2.5198604724908833
2.081105169340464 2.5198604724908833
2.0996695795834968 2.5198604724908833
2.1182339898265297 2.4729200359389036
2.1367984000695626 2.5198604724908833
2.1553628103125955 2.449449817662913
2.175474254742548 2.449449817662913
2.1940386649855808 2.422850236950124
2.211056041041694 2.390774271972939
2.229620451284727 2.36730405369695
2.24818486152776 2.3379662808519637
2.2652022375838734 2.3320987262829647
2.285313682013826 2.3790391628349443
2.3038780922568587 2.314496062575973
2.3224425024998916 2.292199355213784
2.3410069127429245 2.2792907351619895
2.3595713229859574 2.2434986522911053
2.3781357332289903 2.203012525765022
2.396700143472023 2.1736747529200358
2.415264553715056 2.150204534644045
2.433828963958089 2.1296680936525547
2.453940408388042 2.120866761799059
2.470957784444155 2.144336980075048
2.4895221946871877 2.144336980075048
2.5080866049302206 2.073926325247079
2.5266510151732535 2.0504561069710903
2.5467624596032064 2.0504561069710903
2.5653268698462393 2.0269858886950995
2.5823442459023522 1.9947143385656148
2.600908656145385 1.9771116748586213
2.6194730663884185 1.9389725701601392
2.639584510818371 1.9323226749819433
2.6566018868744843 1.9067010200306527
2.675166297117517 1.8802970244701651
2.69373070736055 1.8626943607631734
2.712295117603583 1.9096347973151513
2.730859527846616 1.9096347973151513
2.749423938089649 1.9096347973151513
2.769535382519601 1.8626943607631734
2.7865527585757146 1.8274890333491882
2.8051171688187475 1.8157539242111937
2.8236815790617804 1.8626943607631734
2.8422459893048133 1.8626943607631734
2.8623574337347657 1.8157539242111937
2.879374809790879 1.7793750858834088
2.897939220033912 1.7570783785212196
2.916503630276945 1.7277406056762317
2.935068040519978 1.6798222433627537
2.9536324507630107 1.6309259552877755
2.9721968610060436 1.6045219597272862
2.9907612712490765 1.6749326145552548
3.0093256814921094 1.6749326145552548
3.0278900917351423 1.6367935098567727
3.0464545019781752 1.657329950848263
3.065018912221208 1.680800169124252
3.083583322464241 1.6984028328312455
3.102147732707274 1.6749326145552548
3.120712142950307 1.673759103641455
3.1392765531933398 1.7042703874002427
3.1578409634363727 1.7277406056762317
3.1764053736794056 1.747103535753924
3.1949697839224385 1.8157539242111937
3.2135341941654714 1.7453432693832251
3.233645638595424 1.7609900815672184
3.250663014651537 1.8157539242111937
3.26922742489457 1.8157539242111937
3.287791835137603 1.7453432693832251
3.306356245380636 1.7277406056762317
3.324920655623669 1.701336610115744
3.3434850658667017 1.6837339464087506
3.3635965102966545 1.6749326145552548
3.3821609205396874 1.6514623962792658
3.3991782965958004 1.6221246234342779
3.4177427068388337 1.5927868505892917
3.4347600828949467 1.5966985536352905
3.4548715273248995 1.589853073304793
3.4734359375679325 1.6309259552877755
3.4920003478109654 1.6543961735637644
3.5105647580539983 1.6719988372707562
3.529129168297031 1.6984028328312455
3.5492406127269835 1.7218730511072344
3.566257988783097 1.7453432693832251
3.5863694332130494 1.7140496450152387
3.6018397750822433 1.7218730511072344
3.623498253699115 1.7218730511072344
3.6405156297552286 1.6837339464087506
3.657533005811342 1.6905794267392498
3.676097416054375 1.667109208463259
3.6977558946712468 1.6514623962792658
3.71477327072736 1.627992178003277
3.7317906467834736 1.6514623962792658
3.751902091213426 1.6984028328312455
3.770466501456459 1.6984028328312455
3.7905779458864113 1.667109208463259
3.8075953219425247 1.6602637281327617
3.8261597321855576 1.6558956597313959
3.844724142428591 1.6297524443739757
3.863288552671624 1.6103895142962834
3.8818529629146568 1.5634490777443038
3.8988703389707693 1.5380230079453163
3.920528817587642 1.5106410866233286
3.9375461936437555 1.487170868347338
3.9561106038867884 1.4607668727868504
3.973127979942901 1.4558772439793533
3.993239424372854 1.487170868347338
4.013350868802807 1.4558772439793533
4.0319152790458395 1.4793474622553422
4.047385620915033 1.487170868347338
4.067497065344986 1.487170868347338
4.086061475588019 1.5575815231753065
4.104625885831052 1.5341113048993176
4.124737330261004 1.487170868347338
4.141754706317117 1.4490317636488559
4.16031911656015 1.4361231435970598
4.178883526803183 1.419693990803868
4.197447937046216 1.434362877226361
4.216012347289249 1.4317550751956958
4.234576757532282 1.434362877226361
4.253141167775315 1.4020913270968762
4.271705578018348 1.4284953226573638
4.290269988261381 1.463700650071349
4.3088343985044135 1.4930384229163352
4.327398808747446 1.5106410866233286
4.345963218990479 1.4959722002008338
4.364527629233512 1.4813033137783407
4.381545005289626 1.4793474622553422
4.401656449719578 1.463700650071349
4.420220859962611 1.4578330955023517
4.438785270205644 1.441990698166057
4.457349680448677 1.4152933248771191
4.47591409069171 1.3874224406743814
4.4944785009347425 1.3410687595793025
4.5130429111777755 1.352217113260398
4.531607321420808 1.3786211088208855
4.550171731663841 1.3932899952433804
4.568736141906874 1.463700650071349
4.587300552149907 1.487170868347338
4.6074119965798594 1.4363187287493595
4.624429372635973 1.4138264362348707
4.642993782879006 1.4454460358566905
4.661558193122039 1.5106410866233286
4.680122603365072 1.548090986499421
4.6986870136081045 1.5655446329475176
4.717251423851137 1.5800738156897989
4.73581583409417 1.5583149674964325
4.754380244337203 1.5343068900516172
4.772944654580236 1.4930384229163352
4.791509064823269 1.4959722002008338
4.810073475066302 1.5165086411923259
4.828637885309335 1.5047735320543296
4.845655261365449 1.5028176805313311
4.865766705795401 1.487170868347338
4.8843311160384335 1.487170868347338
4.901348492094548 1.5028176805313311
4.923006970711419 1.5028176805313311
4.940024346767532 1.487170868347338
4.958588757010565 1.4842370910628393
4.977153167253598 1.4842370910628393
4.995717577496631 1.4930384229163352
5.014281987739664 1.501839754769831
5.032846397982697 1.50770730933883
5.05141080822573 1.486584112890439
5.0699752184687625 1.4490317636488559
5.088539628711795 1.419693990803868
5.107104038954828 1.4328959885841126
5.125668449197861 1.4734799076863432
5.144232859440894 1.4984449553406254
5.162797269683927 1.5152047401769924
5.18136167992696 1.5188556630199255
5.199926090169993 1.4842370910628393
5.218490500413026 1.4369706792570263
5.237054910656059 1.393550775446446
5.255619320899092 1.3574979123724962
5.2741837311421245 1.3281601395275082
5.292748141385157 1.3007130231547528
5.31131255162819 1.3023428994239197
5.329876961871223 1.3316806722689076
5.348441372114256 1.3539773796310968
5.36545874817037 1.3885959515881812
5.385570192600323 1.366885999682891
5.404134602843356 1.352217113260398
5.422699013086389 1.32287934041541
5.4412634233294215 1.2935415675704238
5.458280799385535 1.299409122139421
5.479939278002406 1.275240385462359
5.495409619871601 1.224304423656255
5.515521064301553 1.2612700174409373
5.534085474544586 1.2495349083029428
0.533259423503326 4.975741239892184
0.5609756097560976 4.90566037735849
0.583148558758315 4.863611859838275
0.5942350332594235 4.8215633423180595
0.7586844050258686 4.627283617849655
0.7779317565902933 4.578616352201257
0.7894801675289482 4.549415992812219
0.8048780487804881 4.5007487271638205
1.1282335550628235 3.926474992512727
1.1551798472530184 3.799940101826894
1.2976102488297614 3.5955375861036227
1.3130081300813012 3.5468703204552243
1.3361049519586108 3.507936507936507
1.3476533628972658 3.43980233602875
1.5901699926090171 3.1964660077867615
1.6094173441734418 3.1575321952680433
1.628664695737867 3.147798742138364
1.6594604582409462 3.0893980233602862
1.9481707317073176 2.7292602575621423
1.9597191426459726 2.6805929919137457
1.9712675535846276 2.6513926325247077
1.9751170238975124 2.622192273135667
1.9789664942103973 2.6124588200059886
1.9789664942103973 2.554058101227911
1.9828159645232821 2.554058101227911
4.065379403794038 1.5515124288709181
