# X/D			|			T - T_in [C]
#			416 points

-2.0255661066471875 0.3112034418340741
-2.0107134161188216 0.32289305937954715
-1.9958607255904552 0.3134461557884993
-1.979770310851392 0.27441489810108344
-1.966155344533723 0.24445096517168707
-1.9513026540053566 0.22547957983393552
-1.9364499634769905 0.1932652506976833
-1.9215972729486244 0.18407929181202576
-1.906744582420258 0.20255347169761784
-1.8918918918918919 0.21424308924309088
-1.8782769255742229 0.25000926371046717
-1.8621865108351594 0.24936483607654836
-1.8460960960960962 0.2890363654252557
-1.8324811297784271 0.2838994573228817
-1.8176284392500608 0.29487147692853455
-1.8027757487216947 0.28741427671607944
-1.7879230581933285 0.26456133888566136
-1.7730703676649622 0.2487375990566676
-1.758217677136596 0.2061344088371122
-1.74336498660823 0.22852275930354082
-1.7285122960798636 0.23068789510231014
-1.7148973297621946 0.1781895229718078
-1.6988069150231313 0.19946445059057716
-1.683954224494765 0.2390914606567751
-1.6691015339663988 0.26854162721279806
-1.6542488434380327 0.2849282494552767
-1.6393961529096663 0.2920187165682666
-1.6245434623813002 0.2895520838463792
-1.609690771852934 0.2770880070992696
-1.5948380813245677 0.29244715956427747
-1.5799853907962016 0.3138569673854974
-1.5638949760571381 0.35770361202043155
-1.549042285528772 0.36821897839165096
-1.535427319211103 0.3174819830225264
-1.5205746286827369 0.3062737026701008
-1.5057219381543705 0.28097440822666186
-1.4908692476260044 0.3226074307155411
-1.4760165570976382 0.31903178299574897
-1.4624015907799692 0.2954982731634406
-1.4450734518302086 0.29543656326689494
-1.4314584855125396 0.2590515266941722
-1.4166057949841733 0.23955825194564184
-1.4017531044558071 0.21132332956657507
-1.386900413927441 0.19409701194611273
-1.3720477233990747 0.18039344784840416
-1.3571950328707085 0.19824788405869676
-1.3423423423423424 0.22050576217243112
-1.327489651813976 0.29384356636609077
-1.31263696128561 0.22105233554182568
-1.2977842707572438 0.19979768403191933
-1.2829315802288774 0.17625976634985818
-1.2680788897005113 0.1443553090512566
-1.2532261991721452 0.1415135683153732
-1.2383735086437788 0.1939105599015516
-1.2235208181154127 0.21610320183893883
-1.2086681275870466 0.24659714721651937
-1.1938154370586802 0.26649021393766326
-1.178962746530314 0.2460183965439242
-1.164110056001948 0.22528563444479488
-1.1492573654735816 0.18791764737710892
-1.1344046749452155 0.20567422932288082
-1.1195519844168493 0.23295529301535467
-1.104699293888483 0.26017112053148317
-1.091084327570814 0.28693470266293275
-1.0749939128317507 0.2929443650164387
-1.0589034980926875 0.29406131414389947
-1.0465262559857154 0.2885373968331937
-1.030435841246652 0.31483551003070787
-1.0007304601899196 0.29855114990250264
-0.9858777696615535 0.34109747886024344
-0.9710250791331874 0.37822920518115843
-0.956172388604821 0.3983995256517794
-0.942557422287152 0.4300993117935086
-0.9116143170197224 0.45793194441843177
-0.8819089359629901 0.4379943584147803
-0.8670562454346238 0.36031041436447
-0.8522035549062577 0.3397081246180367
-0.8373508643778915 0.31519166429076506
-0.8224981738495252 0.2693266652538444
-0.807645483321159 0.22095007342755224
-0.7927927927927929 0.18922501561390703
-0.7779401022644266 0.15557549059801445
-0.7630874117360604 0.19319648824153468
-0.7482347212076943 0.25120379099358203
-0.733382030679328 0.2828230604131523
-0.7036766496225957 0.35852170893462265
-0.6925371317263209 0.29275659061695336
-0.18383248112977846 4.213279386702813
-0.1541271000730462 4.293730956643872
-0.13927440954467984 4.309334744770181
-0.10956902848794758 4.3340187033880735
-0.09471633795958123 4.38891097871954
-0.07986364743121488 4.400733398481148
-0.06501095690284897 4.460989019453735
-0.05015826637448262 4.495755934382062
-0.035305575846116266 4.556079121394438
-0.020452885317750358 4.615766255687428
-0.005600194789384005 4.666940068967098
0.009252495738982347 4.692825544458429
0.024105186267348255 4.7141957446011515
0.037720152585017264 4.7530062739647345
0.05381056732408096 4.799223166340285
0.06866325785244687 4.764089518312493
0.08351594838081322 4.781503610332441
0.09836863890917957 4.814916874601561
0.11322132943754548 4.834239124779667
0.1268362957552145 4.86550400307908
0.1429267104942782 4.911372969180778
0.1738698157617078 4.854712327497615
0.4696859021183344 0.8909106178250337
0.5526134242350458 0.39694052738347096
0.5662283905527148 0.37609102023516705
0.5810810810810811 0.34047509047509195
0.595933771609447 0.32574405659991434
0.6107864621378134 0.2985366039983166
0.6256391526661798 0.31917988674745423
0.6404918431945457 0.3299561978240675
0.655344533722912 0.34732136271175307
0.6701972242512784 0.3382658761787898
0.6850499147796443 0.27023688622787745
0.6999026053080106 0.2701839920308391
0.714755295836377 0.2566761364621719
0.7296079863647429 0.30775209547732274
0.7444606768931092 0.33593015659457137
0.7593133674214756 0.36317860219887343
0.7741660579498415 0.36291602029214687
0.7890187484782079 0.35630456050876447
0.8038714390065742 0.4025041153419533
0.8187241295349401 0.3462339461776409
0.8335768200633065 0.35484115439070507
0.8484295105916728 0.3877325292490461
0.8632822011200387 0.41814492940619097
0.8768971674377077 0.4499969332927307
0.8942253063874688 0.4466547756712931
0.9078402727051373 0.41739912122795175
0.9226929632335037 0.3967968314815167
0.93754565376187 0.366213406753948
0.952398344290236 0.32480077675272945
0.9672510348186023 0.36225868395538185
0.983341449557666 0.3298442384403355
0.9969564158753346 0.33018716915113444
1.011809106403701 0.33052569201217885
1.0266617969320673 0.3844883518306954
1.0415144874604332 0.31691601511421474
1.0563671779887995 0.32116870855609925
1.0699821443064685 0.31518373016120904
1.0873102832562291 0.3020747849952059
1.1009252495738981 0.3591731891281462
1.1157779401022645 0.3032781279778298
1.1306306306306304 0.36943995277328945
1.1454833211589968 0.3989390464615692
1.1603360116873631 0.43054200683705446
1.175188702215729 0.4371268935833523
1.1900413927440954 0.444156784246875
1.2048940832724617 0.42462623168329117
1.2197467738008276 0.39529860335040645
1.2333617401184966 0.3587885307730172
1.2494521548575603 0.31108707460059115
1.2643048453859262 0.3562428506122224
1.2791575359142926 0.3550157052409322
1.294010226442659 0.3526143086953919
1.3076251927603275 0.30129018773913785
1.3249533317100886 0.2855717955192443
1.3373305738170602 0.27769937586003834
1.3534209885561235 0.3337451854719138
1.3695114032951867 0.2869787811604638
1.3831263696128557 0.24250445872067772
1.397979060141222 0.22366354573562042
1.4115940264588915 0.23437902848563574
1.4276844411979543 0.1912658500496356
1.4437748559370176 0.2303502538112152
1.4561520980439902 0.238134516475359
1.472242512783053 0.28504726139861525
1.4870952033114193 0.2849943672015769
1.5019478938397857 0.2837672218302867
1.5168005843681516 0.2848885788075002
1.531653274896518 0.2143806141553899
1.5465059654248843 0.21256634319697554
1.5613586559532506 0.19886277909926697
1.576211346481617 0.21585283597295835
1.5910640370099824 0.22232355941064874
1.6059167275383488 0.2478432463417466
1.6207694180667152 0.2616856577066802
1.6343843843843842 0.28055566250010777
1.6504747991234479 0.31768298097127
1.6653274896518142 0.3313296838071622
1.6801801801801797 0.33245104078437393
1.695032870708546 0.3312238954130855
1.7111232854476097 0.32646958866929054
1.7247382517652787 0.3158528417537454
1.739590942293645 0.3222583290150869
1.7544436328220114 0.3124200083659563
1.769296323350377 0.2885885278903313
1.7841490138787433 0.27415105680871577
1.7990017044071096 0.22913412806430955
1.813854394935476 0.19341335444939212
1.8287070854638423 0.21508410697600056
1.8435597759922087 0.22736085010859952
1.8584124665205741 0.22161609952526007
1.8732651570489405 0.18494940135330573
1.8881178475773068 0.17054454835986554
1.9029705381056732 0.12146666763783998
1.9178232286340395 0.12819833578092066
1.9326759191624059 0.15423991212279553
1.9475286096907714 0.17943341817215774
1.9611435760084412 0.21578671822665818
1.977233990747504 0.24948913743958911
1.9920866812758704 0.24964593095223897
2.0069393718042368 0.25819023285239595
2.021792062332603 0.23416304384772957
2.0329315802288774 0.2478229702328818
-0.6711711711711712 0.29441300274633697
-0.6486486486486487 0.3655578655578662
-0.6351351351351353 0.4224897974897992
-0.617117117117117 0.4794056877390229
-0.5990990990990992 0.5078315494982171
-0.5855855855855856 0.5220284386951075
-0.5720720720720722 0.5504703421370092
-0.545045045045045 0.6643342060008735
-0.5540540540540542 0.5931412181412199
-0.545045045045045 0.7355592772259456
-0.527027027027027 0.7924751674751693
-0.5045045045045047 0.8351300017966707
-0.5 0.863603988603991
-0.49549549549549554 0.9063229896563243
-0.4864864864864866 0.9347809347809353
-0.48198198198198217 1.0059899643233
-0.4774774774774777 1.0487089653756332
-0.4639639639639639 1.0913958830625514
-0.4639639639639639 1.148375940042607
-0.4549549549549552 1.1768338851672198
-0.45045045045045073 1.2337979004645696
-0.4414414414414414 1.3049908883242232
-0.4279279279279282 1.3619228202561544
-0.42342342342342354 1.4046418213084895
-0.4144144144144142 1.4473447806781152
-0.40990990990990994 1.5043087959754633
-0.4054054054054057 1.5755178255178262
-0.400900900900901 1.632481840815176
-0.400900900900901 1.7037069120402482
-0.3873873873873874 1.7606388439721776
-0.3873873873873874 1.8461089294422628
-0.38288288288288275 1.9030729447396144
-0.37387387387387383 1.9457759041092402
-0.3693693693693696 2.0027399194065865
-0.36486486486486536 2.0454589204589233
-0.36486486486486536 2.1166839916839937
-0.355855855855856 2.216367008033677
-0.36036036036036023 2.159402992736327
-0.3513513513513513 2.273331023331023
-0.3468468468468471 2.330295038628373
-0.33783783783783816 2.3729979979979987
-0.3288288288288288 2.444190985857654
-0.32432432432432456 2.515400015400017
-0.31531531531531565 2.5581029747696444
-0.3063063063063063 2.615050948384283
-0.3063063063063063 2.6862760196093554
-0.29279279279279313 2.7432079515412866
-0.29279279279279313 2.7716979800313144
-0.28828828828828845 2.8286619953286642
-0.3018018018018016 2.7432400349067034
-0.2792792792792791 2.9140999974333326
-0.2837837837837842 2.9853411103411114
-0.27477477477477485 3.042289083955752
-0.26576576576576594 3.127727086060421
-0.26576576576576594 3.1704621287954646
-0.256756756756757 3.2131650881650895
-0.256756756756757 3.255900130900133
-0.25225225225225234 3.31286414619748
-0.24774774774774766 3.4410532327199013
-0.25225225225225234 3.398334231667566
-0.27477477477477485 3.042289083955752
-0.27477477477477485 2.9853090269756946
-0.2792792792792791 2.899854983188318
-0.28828828828828845 2.8286619953286642
-0.3018018018018016 2.714750006416674
-0.29279279279279313 2.7716979800313144
-0.24324324324324342 3.4980172480172493
-0.23873873873873874 3.569226277559613
-0.23873873873873874 3.6119613202946566
-0.23873873873873874 3.683186391519726
-0.22972972972972983 3.711644336644339
-0.2207207207207209 3.8540623957290636
-0.22522522522522515 3.7828533661867016
-0.22522522522522515 3.8968134801468155
-0.21621621621621623 3.9110264110264126
-0.211711711711712 3.9537454120787476
-0.211711711711712 4.010725469058804
-0.211711711711712 4.081950540283875
-0.19819819819819795 4.167372500705835
-0.20270270270270307 4.110408485408486
-0.2072072072072073 4.053444470111139
0.16216216216216228 4.906829906829909
0.18468468468468435 4.792789584456252
0.19819819819819795 4.735761402428071
0.20270270270270263 4.664520289520292
0.20720720720720687 4.636014219347555
0.20720720720720687 4.593279176612512
0.2207207207207209 4.507760966094302
0.21171171171171155 4.55052809219476
0.22522522522522515 4.46500988167655
0.22972972972972938 4.393768768768771
0.22972972972972938 4.365278740278741
0.22972972972972938 4.3225436975437
0.24324324324324342 4.237025487025488
0.24324324324324342 4.237025487025488
0.23423423423423406 4.265547598880934
0.25225225225225234 4.151523318189986
0.24324324324324342 4.194290444290446
0.25225225225225234 4.108788275454943
0.2567567567567566 4.051792176792179
0.2612612612612608 3.9520610353943706
0.2567567567567566 4.0090571340571355
0.2612612612612608 3.909325992659327
0.2702702702702702 3.852313852313854
0.27477477477477485 3.7668277251610602
0.2792792792792791 3.852281768948437
0.2702702702702702 3.909293909293911
0.2811885960034113 3.6938339924022356
0.2811885960034113 3.659485481973479
0.28480911467022674 3.613674574483472
0.29023989267044925 3.550682964986591
0.29023989267044925 3.5449582132484645
0.2938604113372638 3.5334958161872168
0.29929118933748633 3.4647794549522075
0.30110144867089383 3.3960759873021953
0.30291170800430134 3.3960695405096972
0.30291170800430134 3.3846200370334447
0.30834248600452385 3.3388026827509423
0.31196300467133886 3.298716526999062
0.3155835233381534 3.2529056195090567
0.3192040420049689 3.189920456804673
0.3192040420049689 3.104049180732779
0.32463482000519095 3.0639565781884013
0.32825533867200596 3.01242091896027
0.32825533867200596 2.9837971602696394
0.335496376005636 2.9265238557183855
0.3409271540058585 2.8291837357927454
0.3409271540058585 2.817734232316492
0.342737413339266 2.7833792750952373
0.33368611667222847 2.863558033391495
0.3493750308950938 2.7318328712129407
0.3493750308950938 2.6793559802801177
0.3508835803396 2.612561837674898
0.3493750308950938 2.560090319069154
0.3554092286731185 2.521903818173321
0.35691777811762515 2.469421554913417
0.36295197589564987 2.4216938011207034
0.36596907478466223 2.359664912636841
0.37200327256268695 2.278542773705059
0.37351182200719313 2.240372389790469
0.37351182200719313 2.20220737820296
0.38105456922972447 2.1401623727378514
0.3825631186742311 2.097221362374823
0.3885973164522558 2.016099223443044
0.390105865896762 1.9540757072862593
0.3916144153412682 1.8968228175779167
0.3916144153412682 1.815722167954462
0.39764861311929334 1.782306293507066
0.4006657120083057 1.7536717901622723
0.40519136034182424 1.6677843971091342
0.4066999097863304 1.6391552660914197
0.4066999097863304 1.558054616467965
0.4082084592308366 1.5246548590018154
0.4097170086753428 1.4769432221903482
0.4127341075643556 1.4196849601549228
0.4172597558978741 1.395815710931485
0.4202768547868869 1.295621810860112
0.4217854042313931 1.2813045591877152
0.41876830534238074 1.3767278328106496
0.41876830534238074 1.333792194774702
0.41876830534238074 1.305168436084072
0.4202768547868869 1.2526861728241663
0.4202768547868869 1.181126776097587
0.4202768547868869 1.1429617645100798
0.42480250312040546 1.095239383044449
0.4323452503429368 1.047506256924656
0.4398879975654677 1.0236262630470563
0.4474307447879986 0.9902050162725775
0.4504478436770114 0.9520292600309084
0.4625162392330613 0.9329037756205008
0.4715675359000988 0.9090184094158182
0.48212738201164207 0.8708157915387407
0.49117867867868004 0.8087654137465492
0.5002299753457171 0.765797541748114
0.5168240192352855 0.7037203023205159
0.5198411181242979 0.6512326667335291
0.5198411181242979 0.6321501609397728
0.5228582170133107 0.5844331518012282
0.5258753159023235 0.5605692749048696
0.5273838653468297 0.5271695174387201
0.5273838653468297 0.5176282645418429
0.5273838653468297 0.49377513229964975
0.5288924147913359 0.493769759972567
0.530400964235842 0.4842231347486088
0.5319095136803482 0.47467650952465235
0.5319095136803482 0.4699058830762137
0.5379437114583729 0.46034314087100725
0.5424693597918919 0.44124451809600984
0.5469950081254105 0.4269165217694493
-0.1605146813480136 4.274561060612157
-0.16805742857054495 4.245964163556933
0.1698576469988513 4.879254079932985
-0.12430949467986441 4.341220895040339
-1.8576328064175285 0.2637374589936936
-0.7156608769263084 0.3216887512226414
-0.8710414697104505 0.40811337698393757
-1.3386917975073835 0.27620125782294735
-1.3175721052842961 0.26658479234692756
-1.0158622163830493 0.2989047120696835
-0.9012124586005752 0.45592708800995396
-0.6583359980350714 0.3262552292419798
-0.9283663486016875 0.4560237898974222
-0.6960497341477272 0.3407014167643361
-0.6854898880361837 0.2929575459903777
-0.6839813385916775 0.2881815472148581
